                  AirTemp WindSpd WindGst WindDir
ID Year DOY  UTC     C      m/s     m/s     deg
 4 2014 297 2350   15.5     6.1     6.6     168
 4 2014 297 2355   15.8     5.6     6.2     168
 4 2014 298 0000   15.7     5.7     6.1     168
 4 2014 298 0005   15.6     5.7     6.0     169
 4 2014 298 0010   15.5     5.5     6.0     168
 4 2014 298 0015   16.0     5.1     5.4     172
 4 2014 298 0020   16.8     4.9     5.4     176
 4 2014 298 0025   16.9     4.4     4.7     178
 4 2014 298 0030   17.1     3.7     4.2     181
 4 2014 298 0035   16.6     3.1     3.4     174
 4 2014 298 0040   15.8     3.7     5.1     156
 4 2014 298 0045   15.3     3.9     4.8     161
 4 2014 298 0050   15.7     4.3     4.7     167
 4 2014 298 0055   15.8     4.3     5.4     159
 4 2014 298 0100   15.3     4.8     5.9     158
 4 2014 298 0105   15.5     4.9     5.8     162
 4 2014 298 0110   15.8     4.5     5.6     164
 4 2014 298 0115   15.8     4.6     6.0     162
 4 2014 298 0120   15.7     5.0     5.9     162
 4 2014 298 0125   16.0     5.1     5.4     168
 4 2014 298 0130   16.0     5.7     6.6     165
 4 2014 298 0135   16.1     5.6     6.5     164
 4 2014 298 0140   16.0     6.4     7.2     164
 4 2014 298 0145   16.5     6.2     6.7     169
 4 2014 298 0150   16.7     6.5     7.0     171
 4 2014 298 0155   16.6     6.9     7.3     171
 4 2014 298 0200   16.8     6.8     7.5     173
 4 2014 298 0205   16.9     6.5     7.2     175
 4 2014 298 0210   16.8     6.0     6.6     179
 4 2014 298 0215   16.6     6.0     6.3     183
 4 2014 298 0220   16.6     6.3     6.7     183
 4 2014 298 0225   16.6     6.4     6.8     180
 4 2014 298 0230   16.6     6.6     7.1     178
 4 2014 298 0235   16.7     7.2     7.9     178
 4 2014 298 0240   16.8     7.1     7.7     182
 4 2014 298 0245   16.7     6.8     7.6     181
 4 2014 298 0250   16.5     6.2     6.9     178
 4 2014 298 0255   16.4     5.7     6.6     181
 4 2014 298 0300   16.2     5.2     5.9     185
 4 2014 298 0305   16.4     5.5     6.6     188
 4 2014 298 0310   16.4     6.1     7.6     191
 4 2014 298 0315   16.5     5.7     7.2     206
 4 2014 298 0320   17.3     6.7     9.5     257
 4 2014 298 0325   17.4     6.9     8.9     257
 4 2014 298 0330   17.4     7.2     9.8     242
 4 2014 298 0335   17.4     7.6     9.8     237
 4 2014 298 0340   17.3     7.6    10.2     231
 4 2014 298 0345   17.4     7.5    11.0     227
 4 2014 298 0350   17.5     7.3    11.3     227
 4 2014 298 0355   17.5     7.0    10.4     222
 4 2014 298 0400   17.4     7.9    11.2     228
 4 2014 298 0405   17.4     8.7    12.0     233
 4 2014 298 0410   17.5     9.1    12.2     233
 4 2014 298 0415   17.4     9.7    12.2     235
 4 2014 298 0420   17.4     8.9    10.7     233
 4 2014 298 0425   17.4     8.8    11.0     227
 4 2014 298 0430   17.1     7.7    10.4     228
 4 2014 298 0435   17.4     9.2    11.0     227
 4 2014 298 0440   17.2     9.0    11.5     216
 4 2014 298 0445   16.8     8.6    10.5     217
 4 2014 298 0450   16.9     9.1    12.6     214
 4 2014 298 0455   16.6     8.2     9.6     215
 4 2014 298 0500   16.6     7.4     9.1     219
 4 2014 298 0505   16.7     6.3     7.6     222
 4 2014 298 0510   16.8     6.7     9.5     228
 4 2014 298 0515   16.9     7.2     9.0     227
 4 2014 298 0520   17.0     8.2    10.9     232
 4 2014 298 0525   16.7     6.1     7.8     240
 4 2014 298 0530   16.9     6.9     9.7     237
 4 2014 298 0535   16.9     6.3     9.6     235
 4 2014 298 0540   17.1     7.0     8.9     236
 4 2014 298 0545   17.1     7.4     9.9     232
 4 2014 298 0550   17.0     6.7     8.6     227
 4 2014 298 0555   16.8     6.8     9.3     228
 4 2014 298 0600   16.5     5.6     8.1     215
 4 2014 298 0605   16.4     6.9    10.6     224
 4 2014 298 0610   16.4     7.5     9.9     225
 4 2014 298 0615   16.4     6.9     9.4     228
 4 2014 298 0620   16.3     6.3     9.2     232
 4 2014 298 0625   16.2     6.0     7.8     231
 4 2014 298 0630   16.1     6.6     9.2     230
 4 2014 298 0635   16.0     6.2     8.6     220
 4 2014 298 0640   15.9     6.2     7.5     223
 4 2014 298 0645   15.7     5.4     7.3     220
 4 2014 298 0650   15.7     5.6     7.7     221
 4 2014 298 0655   15.6     6.3     9.7     211
 4 2014 298 0700   15.4     6.8     8.8     204
 4 2014 298 0705   15.2     7.0     8.7     203
 4 2014 298 0710   15.0     6.9     7.8     199
 4 2014 298 0715   15.0     7.4     9.2     199
 4 2014 298 0720   14.9     6.7     7.7     202
 4 2014 298 0725   15.0     6.5     7.5     200
 4 2014 298 0730   15.0     6.2     7.2     203
 4 2014 298 0735   14.9     6.1     6.8     201
 4 2014 298 0740   14.8     5.7     7.2     202
 4 2014 298 0745   14.8     5.9     7.2     210
 4 2014 298 0750   14.8     5.9     6.6     210
 4 2014 298 0755   14.7     5.8     6.8     212
 4 2014 298 0800   15.3     5.4     7.2     228
 4 2014 298 0805   14.9     5.0     7.0     224
 4 2014 298 0810   15.3     5.6     9.0     235
 4 2014 298 0815   15.3     6.5     8.3     246
 4 2014 298 0820   15.1     6.4     7.7     249
 4 2014 298 0825   15.0     6.2     7.7     252
 4 2014 298 0830   14.9     6.8     7.8     263
 4 2014 298 0835   14.8     6.5     7.5     264
 4 2014 298 0840   14.6     5.9     7.0     266
 4 2014 298 0845   14.6     5.3     6.6     266
 4 2014 298 0850   14.6     5.4     6.8     261
 4 2014 298 0855   14.6     5.5     7.6     255
 4 2014 298 0900   14.8     6.7     8.6     261
 4 2014 298 0905   14.8     5.7     6.8     263
 4 2014 298 0910   14.8     6.2     8.1     267
 4 2014 298 0915   14.7     5.4     6.9     268
 4 2014 298 0920   14.7     5.9     7.9     267
 4 2014 298 0925   14.7     5.6     6.9     265
 4 2014 298 0930   14.6     5.1     6.8     262
 4 2014 298 0935   14.6     5.9     7.2     274
 4 2014 298 0940   14.5     5.6     6.5     273
 4 2014 298 0945   14.5     5.5     6.7     270
 4 2014 298 0950   14.4     5.9     7.1     266
 4 2014 298 0955   14.4     5.5     6.8     268
 4 2014 298 1000   14.3     5.5     6.5     269
 4 2014 298 1005   14.4     5.4     6.0     273
 4 2014 298 1010   14.3     5.4     6.8     274
 4 2014 298 1015   14.4     5.3     6.5     284
 4 2014 298 1020   14.3     5.2     6.1     283
 4 2014 298 1025   14.4     5.9     6.6     284
 4 2014 298 1030   14.5     5.8     7.0     284
 4 2014 298 1035   14.5     5.1     6.4     282
 4 2014 298 1040   14.4     4.5     5.1     279
 4 2014 298 1045   14.4     4.2     4.8     277
 4 2014 298 1050   14.5     4.8     5.5     275
 4 2014 298 1055   14.4     5.2     6.1     278
 4 2014 298 1100   14.4     5.2     6.7     275
 4 2014 298 1105   14.4     6.7     7.8     284
 4 2014 298 1110   14.2     6.6     7.9     287
 4 2014 298 1115   14.1     5.7     6.7     274
 4 2014 298 1120   14.2     7.0     8.1     266
 4 2014 298 1125   14.1     7.5     8.4     274
 4 2014 298 1130   14.0     6.6     8.1     275
 4 2014 298 1135   13.9     6.1     7.5     269
 4 2014 298 1140   13.9     6.2     7.5     272
 4 2014 298 1145   13.9     6.8     7.7     270
 4 2014 298 1150   13.9     6.9     8.1     267
 4 2014 298 1155   13.9     6.2     7.2     266
 4 2014 298 1200   13.9     5.8     6.3     268
 4 2014 298 1205   13.9     5.0     6.0     265
 4 2014 298 1210   13.8     4.7     5.6     264
 4 2014 298 1215   13.9     5.2     6.5     262
 4 2014 298 1220   13.9     5.5     6.8     260
 4 2014 298 1225   13.9     5.9     7.1     256
 4 2014 298 1230   13.9     5.6     6.7     256
 4 2014 298 1235   13.9     6.2     7.5     251
 4 2014 298 1240   14.0     6.6     7.6     255
 4 2014 298 1245   14.1     6.8     7.5     257
 4 2014 298 1250   14.3     7.2     8.4     259
 4 2014 298 1255   14.4     6.9     8.4     258
 4 2014 298 1300   14.5     6.7     7.5     259
 4 2014 298 1305   14.4     7.4     8.8     262
 4 2014 298 1310   14.4     7.5     8.4     267
 4 2014 298 1315   14.4     7.6     8.6     261
 4 2014 298 1320   14.5     7.5     8.9     259
 4 2014 298 1325   14.6     7.5     8.7     260
 4 2014 298 1330   14.6     7.5     8.6     263
 4 2014 298 1335   14.5     7.2     8.3     263
 4 2014 298 1340   14.5     6.7     8.4     268
 4 2014 298 1345   14.4     6.6     8.5     274
 4 2014 298 1350   14.5     6.6     8.0     276
 4 2014 298 1355   14.5     6.3     7.6     280
 4 2014 298 1400   14.6     6.3     7.5     276
 4 2014 298 1405   14.7     6.5     7.2     276
 4 2014 298 1410   14.8     6.9     8.0     274
 4 2014 298 1415   14.9     6.7     7.8     272
 4 2014 298 1420   15.0     6.2     7.2     277
 4 2014 298 1425   15.0     5.8     6.9     279
 4 2014 298 1430   15.2     5.8     7.5     282
 4 2014 298 1435   15.3     5.8     6.6     290
 4 2014 298 1440   15.4     5.4     6.8     292
 4 2014 298 1445   15.6     5.4     6.0     292
 4 2014 298 1450   15.8     5.6     6.6     292
 4 2014 298 1455   15.9     5.2     7.3     290
 4 2014 298 1500   16.0     4.9     5.5     291
 4 2014 298 1505   16.2     6.0     7.1     301
 4 2014 298 1510   16.3     6.5     7.3     302
 4 2014 298 1515   16.4     6.5     7.6     300
 4 2014 298 1520   16.4     5.7     6.6     298
 4 2014 298 1525   16.6     5.4     6.3     297
 4 2014 298 1530   16.9     5.8     6.8     300
 4 2014 298 1535   16.9     5.8     6.9     299
 4 2014 298 1540   17.1     5.5     6.0     300
 4 2014 298 1545   17.1     5.7     7.1     300
 4 2014 298 1550   17.1     5.4     6.3     296
 4 2014 298 1555   17.4     6.1     7.2     300
 4 2014 298 1600   17.6     6.7     7.5     303
 4 2014 298 1605   17.4     6.7     7.8     305
 4 2014 298 1610   17.4     6.4     7.5     304
 4 2014 298 1615   17.6     6.1     7.1     301
 4 2014 298 1620   17.4     6.1     7.5     307
 4 2014 298 1625   17.5     5.5     6.4     305
 4 2014 298 1630   17.6     5.3     6.7     304
 4 2014 298 1635   17.9     5.4     6.1     304
 4 2014 298 1640   18.1     6.0     6.9     304
 4 2014 298 1645   18.2     6.1     7.7     307
 4 2014 298 1650   18.0     4.8     6.6     305
 4 2014 298 1655   18.0     5.3     6.2     304
 4 2014 298 1700   17.6     5.2     6.2     306
 4 2014 298 1705   18.1     6.8     7.9     304
 4 2014 298 1710   18.7     7.3     8.4     303
 4 2014 298 1715   18.6     6.6     7.6     301
 4 2014 298 1720   18.2     5.6     6.4     301
 4 2014 298 1725   18.5     5.5     6.9     302
 4 2014 298 1730   18.9     7.1     9.1     295
 4 2014 298 1735   19.3     6.7     8.5     289
 4 2014 298 1740   19.0     6.0     6.8     291
 4 2014 298 1745   18.7     7.1     9.8     296
 4 2014 298 1750   19.4     8.5     9.9     299
 4 2014 298 1755   19.5     8.0    10.2     297
 4 2014 298 1800   19.5     6.8     7.7     300
 4 2014 298 1805   19.1     5.1     6.2     295
 4 2014 298 1810   19.4     6.0     7.6     277
 4 2014 298 1815   19.4     6.9     8.4     270
 4 2014 298 1820   19.8     8.1     9.5     280
 4 2014 298 1825   19.7     6.2     7.9     278
 4 2014 298 1830   19.2     5.2     6.7     284
 4 2014 298 1835   19.4     6.9     8.7     279
 4 2014 298 1840   19.7     7.6    10.4     289
 4 2014 298 1845   19.6     6.6     9.7     284
 4 2014 298 1850   19.6     7.8    10.6     286
 4 2014 298 1855   20.1     9.0    11.1     287
 4 2014 298 1900   20.3     8.2    12.1     287
 4 2014 298 1905   20.0     8.1    10.1     275
 4 2014 298 1910   20.3     9.5    10.6     280
 4 2014 298 1915   20.4     8.2    10.5     282
 4 2014 298 1920   19.9     8.3    12.2     287
 4 2014 298 1925   20.3     9.7    11.6     287
 4 2014 298 1930   20.3     8.8    10.2     279
 4 2014 298 1935   20.6     9.1    11.2     280
 4 2014 298 1940   20.9     9.7    13.3     283
 4 2014 298 1945   20.3     8.3    11.1     284
 4 2014 298 1950   20.7     9.4    10.9     277
 4 2014 298 1955   20.6    10.4    13.6     282
 4 2014 298 2000   20.6     8.5    11.6     290
 4 2014 298 2005   20.2     8.8    11.1     290
 4 2014 298 2010   20.6     8.3    10.0     292
 4 2014 298 2015   20.7     8.9    11.4     281
 4 2014 298 2020   20.9     8.3    10.4     282
 4 2014 298 2025   20.9    10.3    14.7     273
 4 2014 298 2030   20.8    10.4    12.5     287
 4 2014 298 2035   20.8     8.4    10.8     283
 4 2014 298 2040   20.6     8.4    12.4     281
 4 2014 298 2045   21.2    10.6    12.8     278
 4 2014 298 2050   21.1    10.1    12.6     284
 4 2014 298 2055   21.1    10.9    13.2     282
 4 2014 298 2100   21.1    11.2    13.9     283
 4 2014 298 2105   21.2    11.8    13.9     283
 4 2014 298 2110   21.0    11.8    14.0     282
 4 2014 298 2115   21.1    11.2    13.9     285
 4 2014 298 2120   20.7    10.6    13.5     290
 4 2014 298 2125   21.1    10.6    13.9     286
 4 2014 298 2130   20.9    10.0    12.1     289
 4 2014 298 2135   21.1    10.9    13.3     287
 4 2014 298 2140   20.9     9.9    12.4     283
 4 2014 298 2145   20.7     9.4    12.0     288
 4 2014 298 2150   20.8     9.9    11.9     292
 4 2014 298 2155   21.0    10.3    12.3     289
 4 2014 298 2200   20.4     9.8    11.6     284
 4 2014 298 2205   20.6    10.3    13.0     283
 4 2014 298 2210   20.8    11.7    13.3     287
 4 2014 298 2215   20.8    11.2    13.1     285
 4 2014 298 2220   20.8    10.2    11.9     285
 4 2014 298 2225   20.4     8.2     9.9     291
 4 2014 298 2230   20.7     9.0    10.3     289
 4 2014 298 2235   20.6     8.6    10.8     283
 4 2014 298 2240   20.4     9.2    12.2     280
 4 2014 298 2245   20.2     9.8    11.7     287
 4 2014 298 2250   20.2     9.0    11.8     293
 4 2014 298 2255   20.3     9.2    11.1     291
 4 2014 298 2300   20.2     7.8     9.8     290
 4 2014 298 2305   20.0     8.4    11.3     288
 4 2014 298 2310   20.1     9.2    10.9     285
 4 2014 298 2315   19.9     8.3    10.0     285
 4 2014 298 2320   19.8     8.7    11.4     288
 4 2014 298 2325   19.8     9.2    11.0     290
 4 2014 298 2330   19.7     9.7    11.2     293
