                  AirTemp WindSpd WindGst WindDir
ID Year DOY  UTC     C      m/s     m/s     deg
 4 2014 296 2350   13.8     5.2     6.0     185
 4 2014 296 2355   13.7     4.7     5.5     184
 4 2014 297 0000   13.5     3.7     4.2     177
 4 2014 297 0005   13.5     3.8     4.4     176
 4 2014 297 0010   13.5     3.8     4.0     170
 4 2014 297 0015   13.5     3.7     4.4     165
 4 2014 297 0020   13.5     4.6     4.8     169
 4 2014 297 0025   13.6     4.5     5.0     168
 4 2014 297 0030   13.5     4.8     5.4     166
 4 2014 297 0035   13.2     5.0     5.7     163
 4 2014 297 0040   13.3     5.2     5.7     167
 4 2014 297 0045   13.4     5.7     6.2     171
 4 2014 297 0050   13.3     5.5     6.1     170
 4 2014 297 0055   13.3     5.6     6.3     173
 4 2014 297 0100   13.2     5.3     6.0     179
 4 2014 297 0105   13.3     5.2     5.9     182
 4 2014 297 0110   13.2     5.2     7.1     181
 4 2014 297 0115   13.3     5.6     6.1     183
 4 2014 297 0120   13.4     5.6     6.1     188
 4 2014 297 0125   13.5     5.6     6.1     192
 4 2014 297 0130   13.5     5.5     5.9     198
 4 2014 297 0135   13.6     5.4     6.5     200
 4 2014 297 0140   13.5     5.2     6.3     199
 4 2014 297 0145   13.5     5.3     6.3     196
 4 2014 297 0150   13.5     5.3     6.0     196
 4 2014 297 0155   13.6     5.2     5.8     195
 4 2014 297 0200   13.6     5.2     5.8     191
 4 2014 297 0205   13.5     5.0     6.1     191
 4 2014 297 0210   13.6     5.7     7.1     196
 4 2014 297 0215   13.5     6.0     6.9     196
 4 2014 297 0220   13.6     6.5     7.2     199
 4 2014 297 0225   13.5     6.4     7.0     202
 4 2014 297 0230   13.3     5.9     6.6     197
 4 2014 297 0235   13.5     6.3     7.0     198
 4 2014 297 0240   13.4     5.3     7.2     201
 4 2014 297 0245   13.4     5.1     5.8     198
 4 2014 297 0250   13.5     5.8     6.7     192
 4 2014 297 0255   13.4     6.2     6.8     190
 4 2014 297 0300   13.4     6.5     7.5     190
 4 2014 297 0305   13.4     6.7     7.5     192
 4 2014 297 0310   13.4     6.6     7.2     192
 4 2014 297 0315   13.4     6.4     7.2     191
 4 2014 297 0320   13.4     6.7     7.5     192
 4 2014 297 0325   13.4     7.0     8.7     193
 4 2014 297 0330   13.4     6.7     8.7     195
 4 2014 297 0335   13.4     6.8     7.8     194
 4 2014 297 0340   13.4     6.9     8.4     193
 4 2014 297 0345   13.4     6.5     8.5     195
 4 2014 297 0350   13.4     6.5     7.6     192
 4 2014 297 0355   13.3     6.4     7.3     193
 4 2014 297 0400   13.3     6.6     7.5     194
 4 2014 297 0405   13.3     6.3     7.0     196
 4 2014 297 0410   13.2     5.8     6.5     196
 4 2014 297 0415   13.3     5.7     6.8     195
 4 2014 297 0420   13.3     5.6     6.9     192
 4 2014 297 0425   13.2     5.3     5.8     190
 4 2014 297 0430   13.2     5.6     6.6     189
 4 2014 297 0435   13.1     6.1     6.8     185
 4 2014 297 0440   13.1     6.2     7.5     187
 4 2014 297 0445   13.1     5.9     7.0     189
 4 2014 297 0450   13.1     5.8     6.6     188
 4 2014 297 0455   13.0     5.8     6.6     190
 4 2014 297 0500   13.1     5.7     6.7     191
 4 2014 297 0505   13.1     5.8     7.5     196
 4 2014 297 0510   13.3     6.4     7.7     197
 4 2014 297 0515   13.3     6.6     8.7     192
 4 2014 297 0520   13.3     6.0     7.0     194
 4 2014 297 0525   13.2     6.0     6.7     192
 4 2014 297 0530   13.2     6.4     7.5     189
 4 2014 297 0535   13.1     6.2     7.1     188
 4 2014 297 0540   13.1     6.2     7.1     186
 4 2014 297 0545   13.0     5.7     7.3     188
 4 2014 297 0550   13.0     5.6     6.5     185
 4 2014 297 0555   13.0     5.4     6.2     187
 4 2014 297 0600   12.9     5.2     5.9     189
 4 2014 297 0605   12.9     5.6     6.5     191
 4 2014 297 0610   12.9     5.7     6.4     190
 4 2014 297 0615   12.9     5.8     6.6     189
 4 2014 297 0620   12.9     5.9     6.6     186
 4 2014 297 0625   12.9     5.7     6.6     187
 4 2014 297 0630   12.8     5.6     6.0     182
 4 2014 297 0635   12.8     5.8     6.6     180
 4 2014 297 0640   12.8     6.5     7.2     182
 4 2014 297 0645   12.8     6.8     7.5     183
 4 2014 297 0650   12.8     6.9     7.9     188
 4 2014 297 0655   12.7     6.8     7.5     191
 4 2014 297 0700   12.7     6.3     7.0     196
 4 2014 297 0705   12.7     6.5     7.5     196
 4 2014 297 0710   12.7     6.3     7.0     195
 4 2014 297 0715   12.7     5.9     6.6     196
 4 2014 297 0720   12.7     5.1     6.0     200
 4 2014 297 0725   12.7     5.4     6.2     203
 4 2014 297 0730   12.7     5.1     5.9     201
 4 2014 297 0735   12.8     5.6     6.4     203
 4 2014 297 0740   12.8     5.7     6.8     202
 4 2014 297 0745   12.8     5.1     5.9     202
 4 2014 297 0750   12.8     5.4     6.0     203
 4 2014 297 0755   12.8     5.5     6.5     202
 4 2014 297 0800   12.7     6.1     6.8     205
 4 2014 297 0805   12.7     5.9     6.7     207
 4 2014 297 0810   12.7     5.8     6.6     209
 4 2014 297 0815   12.7     5.9     6.9     209
 4 2014 297 0820   12.7     5.8     6.5     206
 4 2014 297 0825   12.7     5.7     6.7     204
 4 2014 297 0830   12.6     5.5     6.1     203
 4 2014 297 0835   12.6     5.3     6.1     204
 4 2014 297 0840   12.6     5.6     6.3     205
 4 2014 297 0845   12.6     5.6     6.2     205
 4 2014 297 0850   12.6     5.5     6.3     206
 4 2014 297 0855   12.6     5.2     5.9     209
 4 2014 297 0900   12.6     4.9     5.7     205
 4 2014 297 0905   12.6     4.6     5.3     205
 4 2014 297 0910   12.5     4.5     5.1     206
 4 2014 297 0915   12.7     4.1     4.6     213
 4 2014 297 0920   12.6     4.6     5.3     213
 4 2014 297 0925   12.6     4.0     4.8     221
 4 2014 297 0930   12.7     3.3     4.1     225
 4 2014 297 0935   12.6     3.9     4.4     218
 4 2014 297 0940   12.7     3.3     4.1     224
 4 2014 297 0945   12.6     3.6     4.2     220
 4 2014 297 0950   12.6     3.4     4.1     217
 4 2014 297 0955   12.6     3.4     3.8     212
 4 2014 297 1000   12.5     3.5     4.0     206
 4 2014 297 1005   12.5     4.1     4.5     199
 4 2014 297 1010   12.4     4.3     4.7     203
 4 2014 297 1015   12.4     4.3     4.7     202
 4 2014 297 1020   12.4     3.9     4.4     194
 4 2014 297 1025   12.4     4.0     4.6     198
 4 2014 297 1030   12.4     3.9     4.5     202
 4 2014 297 1035   12.4     3.6     3.9     210
 4 2014 297 1040   12.4     3.4     3.9     208
 4 2014 297 1045   12.4     3.8     4.2     211
 4 2014 297 1050   12.4     3.4     4.1     214
 4 2014 297 1055   12.4     2.7     3.4     209
 4 2014 297 1100   12.6     2.3     3.2     204
 4 2014 297 1105   12.5     2.3     3.0     211
 4 2014 297 1110   12.5     2.1     3.0     241
 4 2014 297 1115   12.6     1.4     1.9     243
 4 2014 297 1120   12.6     1.1     1.9     249
 4 2014 297 1125   12.6     2.0     2.8     241
 4 2014 297 1130   12.7     2.3     3.1     246
 4 2014 297 1135   12.7     2.0     2.5     254
 4 2014 297 1140   12.7     2.2     2.7     244
 4 2014 297 1145   12.7     1.5     2.4     245
 4 2014 297 1150   12.6     1.6     2.3     237
 4 2014 297 1155   12.4     1.8     2.3     212
 4 2014 297 1200   12.4     2.1     3.2     237
 4 2014 297 1205   12.6     2.9     3.3     258
 4 2014 297 1210   12.5     2.4     3.1     244
 4 2014 297 1215   12.6     2.8     3.3     252
 4 2014 297 1220   12.6     2.9     3.3     259
 4 2014 297 1225   12.6     2.9     3.3     256
 4 2014 297 1230   12.6     3.2     3.8     257
 4 2014 297 1235   12.6     3.2     3.5     256
 4 2014 297 1240   12.6     3.2     3.5     260
 4 2014 297 1245   12.6     2.7     3.3     262
 4 2014 297 1250   12.5     2.5     2.9     267
 4 2014 297 1255   12.5     2.9     3.2     274
 4 2014 297 1300   12.5     2.2     2.6     274
 4 2014 297 1305   12.5     2.2     2.6     275
 4 2014 297 1310   12.4     2.6     3.2     274
 4 2014 297 1315   12.5     3.5     4.1     275
 4 2014 297 1320   12.4     4.0     4.4     275
 4 2014 297 1325   12.4     4.0     4.5     271
 4 2014 297 1330   12.4     4.1     4.6     270
 4 2014 297 1335   12.4     4.2     4.8     270
 4 2014 297 1340   12.4     3.8     4.5     268
 4 2014 297 1345   12.4     3.4     4.2     270
 4 2014 297 1350   12.4     3.5     4.1     267
 4 2014 297 1355   12.4     2.8     3.6     270
 4 2014 297 1400   12.4     2.7     3.4     271
 4 2014 297 1405   12.4     2.9     3.2     269
 4 2014 297 1410   12.4     2.4     2.8     268
 4 2014 297 1415   12.4     2.5     2.8     262
 4 2014 297 1420   12.5     2.3     2.7     261
 4 2014 297 1425   12.5     2.1     2.4     263
 4 2014 297 1430   12.6     2.0     2.5     269
 4 2014 297 1435   12.6     1.3     1.8     260
 4 2014 297 1440   12.9     0.3     0.8     227
 4 2014 297 1445   13.1     0.8     1.1     226
 4 2014 297 1450   12.9     1.4     1.8     192
 4 2014 297 1455   12.7     1.6     1.9     170
 4 2014 297 1500   13.1     0.8     1.3     167
 4 2014 297 1505   13.4     0.5     0.9     162
 4 2014 297 1510   13.3     0.5     0.8     173
 4 2014 297 1515   13.2     0.6     0.9     197
 4 2014 297 1520   13.4     0.5     0.9     228
 4 2014 297 1525   13.6     0.2     0.7     260
 4 2014 297 1530   13.7     0.0     0.2     276
 4 2014 297 1535   14.0     0.2     0.5     105
 4 2014 297 1540   14.4     0.3     0.5     117
 4 2014 297 1545   14.9     0.1     0.4     115
 4 2014 297 1550   14.9     0.5     0.7     113
 4 2014 297 1555   14.4     0.7     1.1     105
 4 2014 297 1600   13.7     1.3     1.6     095
 4 2014 297 1605   12.7     1.9     2.2     068
 4 2014 297 1610   12.5     2.3     2.6     085
 4 2014 297 1615   12.5     2.3     2.5     090
 4 2014 297 1620   12.6     1.8     2.3     087
 4 2014 297 1625   12.5     2.2     2.5     078
 4 2014 297 1630   12.5     2.3     2.4     090
 4 2014 297 1635   12.6     2.2     2.4     094
 4 2014 297 1640   12.6     2.0     2.4     093
 4 2014 297 1645   12.7     1.9     2.2     091
 4 2014 297 1650   12.7     2.0     2.5     093
 4 2014 297 1655   12.7     2.5     2.7     104
 4 2014 297 1700   12.7     2.6     2.8     096
 4 2014 297 1705   12.7     2.5     2.7     099
 4 2014 297 1710   12.9     2.5     2.8     105
 4 2014 297 1715   13.3     2.6     3.2     116
 4 2014 297 1720   13.4     3.0     3.4     108
 4 2014 297 1725   13.0     3.0     3.4     101
 4 2014 297 1730   12.8     3.4     3.8     101
 4 2014 297 1735   12.7     3.5     3.9     097
 4 2014 297 1740   12.7     3.4     3.7     101
 4 2014 297 1745   12.9     3.2     3.5     108
 4 2014 297 1750   13.0     3.5     3.7     112
 4 2014 297 1755   13.1     3.1     3.5     106
 4 2014 297 1800   13.2     3.3     4.1     109
 4 2014 297 1805   13.2     4.1     4.4     114
 4 2014 297 1810   13.0     4.1     5.0     113
 4 2014 297 1815   13.0     3.7     4.2     114
 4 2014 297 1820   13.3     3.6     4.6     113
 4 2014 297 1825   13.3     3.5     3.9     117
 4 2014 297 1830   13.4     3.4     3.7     115
 4 2014 297 1835   13.3     3.3     3.6     120
 4 2014 297 1840   13.3     3.3     3.6     122
 4 2014 297 1845   13.2     3.4     3.8     126
 4 2014 297 1850   13.3     3.1     3.6     123
 4 2014 297 1855   13.4     3.3     3.9     119
 4 2014 297 1900   13.4     3.8     4.4     115
 4 2014 297 1905   13.4     3.9     4.3     115
 4 2014 297 1910   13.4     4.4     5.1     118
 4 2014 297 1915   13.4     4.9     5.4     116
 4 2014 297 1920   13.4     5.0     5.5     111
 4 2014 297 1925   13.4     4.7     5.2     111
 4 2014 297 1930   13.4     4.9     5.5     112
 4 2014 297 1935   13.4     4.9     5.5     119
 4 2014 297 1940   13.4     4.9     5.4     118
 4 2014 297 1945   13.5     4.8     5.2     115
 4 2014 297 1950   13.5     5.0     5.5     111
 4 2014 297 1955   13.4     5.6     6.3     116
 4 2014 297 2000   13.4     5.7     6.2     115
 4 2014 297 2005   13.5     5.5     6.1     117
 4 2014 297 2010   13.4     5.6     6.3     123
 4 2014 297 2015   13.6     5.9     6.5     123
 4 2014 297 2020   13.6     5.0     5.9     124
 4 2014 297 2025   13.7     5.4     5.8     128
 4 2014 297 2030   13.7     5.4     6.1     128
 4 2014 297 2035   13.9     5.9     6.4     135
 4 2014 297 2040   14.0     5.9     6.4     136
 4 2014 297 2045   13.9     5.7     6.0     134
 4 2014 297 2050   13.7     5.9     6.6     133
 4 2014 297 2055   13.8     6.2     6.8     132
 4 2014 297 2100   14.0     6.1     6.7     134
 4 2014 297 2105   14.2     5.5     6.4     135
 4 2014 297 2110   14.1     5.7     6.7     140
 4 2014 297 2115   14.5     6.1     7.0     140
 4 2014 297 2120   14.7     5.9     7.1     145
 4 2014 297 2125   15.6     5.3     6.7     153
 4 2014 297 2130   15.9     5.5     6.6     152
 4 2014 297 2135   15.4     5.5     6.9     150
 4 2014 297 2140   15.4     5.3     6.5     151
 4 2014 297 2145   15.2     5.2     6.4     150
 4 2014 297 2150   15.2     5.6     6.8     150
 4 2014 297 2155   14.8     5.6     6.9     155
 4 2014 297 2200   15.4     5.7     6.7     158
 4 2014 297 2205   15.0     5.5     6.3     155
 4 2014 297 2210   15.1     5.6     6.9     161
 4 2014 297 2215   15.3     5.5     6.6     161
 4 2014 297 2220   15.2     5.0     6.0     157
 4 2014 297 2225   15.1     4.6     5.8     159
 4 2014 297 2230   15.2     5.2     6.2     164
 4 2014 297 2235   15.3     5.0     6.3     157
 4 2014 297 2240   14.5     5.2     6.6     157
 4 2014 297 2245   14.9     5.2     6.3     156
 4 2014 297 2250   14.4     5.7     7.2     152
 4 2014 297 2255   14.5     5.1     6.9     152
 4 2014 297 2300   14.4     5.2     6.6     155
 4 2014 297 2305   14.6     5.4     6.8     157
 4 2014 297 2310   14.5     5.5     6.7     153
 4 2014 297 2315   14.7     5.6     6.5     159
 4 2014 297 2320   15.1     5.4     6.6     160
 4 2014 297 2325   15.0     5.9     7.0     161
 4 2014 297 2330   15.0     5.6     6.6     161
